1000000
1000004
1000006
1000017
1000030
1000083
1000097
100013
1000170
100020
1000232
1000272
1000319
1000459
100046
1000472
1000509
1000519
1000574
1000585
1000619
1000678
1000681
1000798
1000864
1000906
1000951
1000959
1001108
1001279
1001381
1001397
1001454
1001810
1001903
1001926
1001981
1001999
1002058
1002145
1002148
1002197
1002238
1002252
1002274
1002330
1002426
1002482
100250
1002554
1002584
1002585
1002596
1002716
1002737
1002887
1002889
1002938
1002940
1002997
1003003
1003006
1003015
100307
1003114
1003210
1003213
1003239
1003277
1003299
1003319
1003329
1003334
1003351
1003359
1003445
1003481
1003482
1003507
1003557
1003561
1003590
1003603
100364
1003695
1003831
1003849
1003875
1003880
1003884
1003973
1003997
1004167
1004191
1004199
1004228
1004233
1004240
1004243
1004254
1004258
1004322
1004493
1004921
1004940
1004949
1005113
1005131
1005163
1005191
1005475
1005476
1005500
1005520
1005586
1005595
1005653
1005678
1005798
1005888
1005907
1005949
1006000
100616
1006199
1006459
1006489
1006509
1006578
1006580
100661
1006751
1006791
1006852
1006911
1006922
1006987
1007242
1007382
1007473
1007550
1007606
1007628
1007673
1007691
1007696
1007875
1007934
1007959
1007972
1008208
1008515
1008516
1008830
1008911
1008947
1008951
1008968
1008977
1008979
1009023
1009109
1009183
1009237
1009388
1009527
1009610
1009668
1009695
1009724
1009742
1009749
1009959
1009961
1009994
1010048
1010057
1010059
1010151
1010173
1010277
1010287
1010524
1010527
1010537
1010607
1010615
1010670
1010700
1011003
1011018
1011021
1011044
1011120
1011140
1011166
1011248
1011328
1011381
1011382
1011512
1011529
1011618
1011663
1011713
1011721
1011811
1011860
1011925
1012026
1012328
1012329
1012431
1012464
1012547
1012780
1012865
1012866
1013114
1013229
1013267
1013304
1013367
1013424
1013492
1013570
1013579
1013592
1013615
1013797
1013965
1014115
1014131
1014132
1014210
1014242
1014264
101451
1014697
1014884
1014885
1014911
1015055
1015307
1015347
1015556
1015641
10157
1015766
1016013
1016015
1016154
1016254
1016281
1016406
1016460
1016547
1016565
1016583
1016611
1016676
1016703
1016790
1016869
1016879
1016915
1016943
1017204
1017276
1017348
1017476
1017498
1017524
1017529
1017537
1017605
1017687
1017692
1017706
1017734
1017773
1017775
1017830
1017892
1017952
1017966
1017971
1018032
1018056
1018359
1018525
1018658
1018807
1018918
1019179
1019200
1019236
1019262
1019356
1019405
1019414
1019433
1019470
1019602
1019649
1019705
1019724
1019783
1019787
1019830
1020198
1020244
1020376
10205
1020500
1020710
1020724
1020907
1020915
1020999
1021053
1021065
1021170
1021241
1021277
1021318
1021324
1021327
1021446
1021532
1021554
1021605
1021639
1021679
1021682
1021695
1021797
1021900
1021907
1021931
1021971
1022022
1022124
1022132
1022178
1022198
1022359
1022370
1022410
1022442
1022577
1022620
1022621
1022630
1022712
1022735
1022762
1022769
1022782
1022832
1022907
1022911
1023025
1023111
1023363
1023782
1023838
1023850
1024034
1024069
1024166
1024176
1024221
1024288
1024300
1024305
1024312
1024528
1024591
1024592
1024599
1024667
1024669
1024672
1024727
1024835
1024893
1024904
1024950
102506
1025188
1025259
1025270
1025290
1025348
1025483
1025624
1025714
1025801
1025895
1025991
1026098
1026148
1026258
102627
1026372
10264
1026711
1026768
1026775
1026789
1026799
102695
1026991
1027178
1027209
1027373
10276
1027650
1027669
1027785
1027812
1027817
1027865
1027919
1028098
1028131
1028179
1028538
1028555
1028598
1028608
1028652
1028670
1028711
1028742
1028752
1028753
1028755
1028796
1029003
1029016
1029030
1029031
1029058
1029124
1029181
1029291
1029402
1029492
1029544
1029552
1029617
1029681
1029694
1029772
1029791
1029908
1029909
1030176
1030215
1030230
1030271
1030324
1030378
1030381
1030388
1030446
1030451
1030617
1030623
1030722
1030823
1030924
1031032
1031033
1031047
1031054
1031118
1031173
10312
1031240
103125
1031456
1031502
1031580
1031679
1031682
1031684
1031861
1031909
1031910
1031976
1031999
1032011
1032019
1032074
1032156
1032182
1032198
1032281
1032341
1032758
1032822
1033007
1033092
1033205
1033249
1033250
1033296
1033398
1033443
1033534
1033580
1033652
1033703
1033718
1033725
1033759
1033912
1033927
1033962
1034039
1034050
1034136
1034172
1034204
1034409
1034446
1034587
1034595
1034666
1034679
1034680
1034703
1034761
1034839
1034845
1035006
1035078
1035098
1035228
1035247
1035278
1035321
1035367
1035379
1035383
1035410
1035535
1035719
1035805
1035861
1035874
1035931
1036002
1036005
1036214
1036244
1036380
1036385
1036542
1036627
1036656
1036675
1036782
1036784
1036800
1036999
1037033
1037104
1037116
1037188
1037250
1037302
1037341
1037373
1037407
1037662
1037686
1037689
1037722
1037781
1037817
1037826
1037872
1037881
1038161
1038184
1038527
1038592
1038678
1038685
1038719
1038724
1038755
1038830
1038849
1038859
1038871
1038879
1039002
1039052
1039195
1039298
1039346
1039361
1039495
1039521
1039586
1039728
1039746
1040022
1040030
1040038
1040064
1040082
1040088
1040099
1040238
1040312
1040353
1040409
1040461
1040507
1040532
1040684
1040694
1040703
1040793
1040848
1040959
1041043
1041050
1041146
1041159
1041226
1041473
1041520
1041703
1041714
1041753
1041924
1041948
1041951
1042099
1042158
1042364
1042399
1042426
1042488
1042507
1042626
1042676
1042752
1042800
104290
1042978
1043064
1043337
1043413
1043545
1043568
1043587
1043658
1043702
1043815
1043914
1043955
1043969
1043995
1044041
1044244
1044249
1044755
1044809
1045071
1045072
1045135
1045203
1045208
1045227
1045229
1045347
1045374
1045494
1045527
1045540
1045554
1045567
1045709
1045717
1045826
1045853
1045855
1046042
1046047
1046093
1046161
1046384
1046387
1046463
1046475
1046520
1046567
1046569
1046648
1046736
1046750
1046931
1046952
1046969
1047010
1047012
1047088
1047138
1047152
1047160
1047162
1047269
1047365
1047386
1047548
1047556
1047592
1047599
1047625
1047629
1047642
1047662
1047700
1047702
1047708
1047738
1047794
1047833
1047843
1047854
1047913
1047917
1047987
1048185
1048281
1048282
1048303
1048359
1048361
1048363
1048377
1048381
1048565
1048585
1048642
1048876
1048917
1048995
1049085
1049200
1049221
1049329
1049368
1049456
1049484
1049767
1049774
1049791
1049867
1049894
1049926
1049955
1050007
1050033
1050231
1050253
1050275
1050670
1050695
1050747
1050778
1050857
1050923
1051095
1051108
1051112
1051211
1051214
1051223
1051229
1051257
1051279
1051285
1051307
1051339
1051352
1051372
1051422
1051475
1051520
1051530
1051571
1051723
1051755
1051808
1051886
1051902
1051942
1051943
1051990
1052089
1052115
1052274
1052414
1052421
1052427
1052563
1052585
1052610
1052615
1052640
1052717
1052948
1052965
1052985
1053111
1053219
1053253
1053611
1053716
1053896
1053901
1053931
1053992
1053997
1054023
1054071
1054186
1054189
1054328
1054339
1054438
1054440
1054450
1054451
1054468
1054593
1054595
1054610
1054707
1054923
1054958
1054969
1054999
1055125
1055176
1055197
1055351
105549
1055505
1055717
1055889
1055921
1055940
1056057
1056060
1056159
1056163
1056211
1056265
1056303
1056405
1056420
1056437
1056446
1056482
1056548
1056580
1056644
1056726
1056742
1056758
1056850
1056950
1057007
1057015
105709
1057098
1057112
1057139
1057168
1057251
1057270
1057334
1057367
1057446
1057476
1057488
1057539
1057631
1057656
1057708
1057757
1057937
1057996
1058036
1058100
1058140
1058141
1058142
1058165
1058182
1058271
1058284
1058325
1058415
1058425
1058442
1058470
1058515
1058601
1058604
1058717
1058792
1058822
1058853
1058885
1058952
1058978
1059045
1059077
1059253
1059287
1059420
1059421
1059442
1059496
1059504
1059601
1059619
1059646
1059698
1059801
1059820
1059970
1060039
1060040
1060305
1060342
1060391
1060462
1060496
1060566
1060616
1060623
1060795
1060868
1060881
1061167
1061210
1061237
106125
1061324
1061382
1061472
1061762
1061994
1062190
1062223
1062233
1062332
1062334
1062350
1062457
1062511
1062589
1062603
1062609
1062687
1062744
1062784
1062928
1062961
1063177
1063349
1063371
1063461
1063478
1063607
1063644
1063659
1063702
1063709
1063758
1063765
1063777
1063892
1063974
1064140
1064155
1064195
1064206
1064473
1064518
1064529
1064687
1064808
1064852
1064961
1065032
106508
1065118
1065160
1065227
1065388
1065448
1065494
1065551
1065558
1065650
1065712
1065728
1065971
1065985
1066043
1066116
1066161
1066709
1066716
1066792
1066916
1066958
1066966
1066971
1067276
1067284
1067587
1067640
1067659
1067724
1067764
1067772
1067826
1067990
1068276
1068290
1068408
1068584
1068715
1068726
1068924
1068952
1069028
1069108
1069128
1069222
1069313
1069327
1069344
1069405
1069474
1069521
1069556
1069717
1069981
1069983
1070131
1070324
1070361
1070412
1070452
1070546
1070728
107077
1070867
1071061
1071198
1071270
1071389
1071485
1071534
1071545
1071598
1071722
1071992
1072188
1072479
1072500
1072506
1072513
1072603
1072750
107283
1072874
1072988
1073358
1073365
1073569
1073640
1073721
1073801
1073805
1073943
1073972
1073980
1074001
1074499
1074603
1074804
1074807
1074883
1074949
1074989
1074995
1074997
1075156
1075244
1075262
1075313
1075336
1075348
1075588
1075591
1075608
1075636
1075656
1075713
1075741
1075919
1075980
1076030
1076078
1076269
1077000
1077002
1077006
1077019
1077356
1077844
107812
1078187
1078198
1078222
1078446
1078491
1078731
1078752
1078765
1078906
1078920
1079050
1079086
1079141
1079231
1079340
1079434
1079535
1079785
1079815
1079817
1079831
1079868
1079888
1079959
1079987
1080010
1080031
1080229
1080253
108037
1080406
1080419
1080495
1080537
1080555
1080937
1080939
1080948
1080950
1080968
1080970
1081086
1081091
1081321
1081338
1081569
1081595
1081609
1081730
1081946
1082002
1082091
1082117
1082242
1082263
1082265
1082281
1082332
1082336
1082339
1082341
1082351
1082377
1082384
1082427
1082445
1082448
1082455
1082501
1082502
1082531
1082536
1082547
1082576
1082603
1082607
1082622
1082653
1082668
1082701
1082730
1082750
1082751
1082759
1082779
1082792
1082807
1082835
1082840
108287
1082870
1082872
1082877
1082893
1082924
1082947
1082948
1082966
1082978
1083000
1083010
1083017
1083021
1083052
1083085
1083092
1083095
1083108
1083125
1083127
1083150
1083152
1083157
1083158
1083161
1083243
1083267
1083268
1083278
1083285
1083293
1083296
1083307
1083332
1083340
1083341
1083342
1083345
1083361
1083362
1083401
1083410
1083428
1083430
1083443
1083472
1083493
1083499
1083500
1083502
1083508
1083517
1083535
1083537
1083584
1083597
1083598
1083611
1083627
1083641
1083642
1083663
1083675
1083686
1083690
1083704
1083713
1083721
1083722
1083727
1083743
1083783
1083791
1083797
1083800
1083819
1083822
1083831
1083832
1083839
1083846
1083852
1083865
1083909
1083926
1083933
1083945
1083948
1083952
1083967
1083997
1084038
1084041
1084075
1084076
1084086
1084192
1084197
1084230
1084233
1084273
1084276
1084289
1084301
1084308
1084324
1084326
1084330
1084336
1084354
1084383
1084389
1084403
1084408
1084435
1084441
1084469
1084475
1084478
1084512
1084516
1084518
1084555
1084582
1084599
1084602
1084603
1084624
1084686
1084712
1084713
1084722
1084755
1084769
1084814
1084838
1084848
1084887
1084889
1084898
1084905
1084906
1084910
1084930
1084942
1084971
1084982
1084986
1085008
1085013
1085035
1085048
108507
1085139
1085141
1085192
1085197
1085229
1085245
1085279
1085288
1085303
1085319
1085327
1085339
1085341
1085348
1085351
1085356
1085386
1085393
1085421
1085422
1085434
1085441
1085454
1085456
1085457
1085497
1085510
1085517
1085521
1085532
1085533
1085535
1085545
1085550
1085572
1085584
1085586
1085613
1085630
1085658
1085674
1085697
1085733
1085741
1085760
1085762
1085764
1085775
1085777
1085779
1085780
1085796
1085804
1085812
1085842
1085845
1085862
1085888
1085889
1085918
1085924
1085930
1085936
1085943
1085967
1085980
1086008
1086014
1086022
1086046
1086075
1086085
1086120
1086145
1086174
1086186
1086200
108622
1086224
1086241
1086248
1086266
1086271
1086279
1086281
1086288
1086296
1086305
1086309
1086326
1086354
1086384
1086385
1086391
1086424
1086430
1086439
1086468
1086477
1086491
1086498
1086532
1086555
1086565
1086575
1086581
1086594
1086595
1086628
1086637
1086675
1086679
1086681
1086693
1086701
1086708
1086713
1086715
1086760
1086765
1086834
1086836
1086855
1086860
1086874
1086883
1086886
1086893
1086915
1086917
1086927
1086928
1086933
1086942
1086974
1086976
1087001
1087014
1087018
1087042
1087046
1087047
1087050
1087061
1087066
1087074
1087076
1087077
1087105
1087114
1087122
1087126
1087129
1087171
1087173
1087185
1087186
1087204
1087215
1087226
1087238
1087269
1087309
1087317
1087327
1087351
1087361
1087375
1087425
1087435
1087455
1087484
1087486
1087487
1087492
1087514
1087532
1087544
1087556
1087566
1087581
1087589
1087603
1087604
1087609
1087634
1087675
1087680
1087687
1087690
1087722
1087727
1087728
1087729
1087735
1087736
1087764
1087766
1087774
1087795
1087803
1087835
1087848
1087858
1087869
1087870
1087904
1087911
1087915
1087959
1087967
1087969
1087999
1088043
1088138
1088153
1088164
1088209
1088210
1088211
1088221
1088252
1088254
1088302
1088309
1088311
1088332
1088347
1088349
1088358
1088379
1088434
1088437
1088444
1088453
1088475
1088502
1088510
1088512
1088515
1088539
1088541
1088606
1088628
1088648
1088653
1088658
1088685
1088693
1088715
1088718
1088734
1088742
1088758
1088800
1088816
1088832
1088845
1088856
1088869
1088875
1088884
1088889
1088903
1088915
1088928
1088938
1088947
1088958
1088960
1088973
1088987
1088993
1089001
1089002
1089021
1089022
1089026
1089027
1089036
1089043
1089044
1089051
1089071
1089085
1089093
1089121
1089143
1089156
1089158
1089164
1089167
1089177
1089214
1089246
1089273
1089277
1089286
1089293
1089312
1089325
1089355
1089376
1089401
1089406
1089408
1089414
1089434
1089438
1089443
1089469
1089498
1089501
1089511
1089521
1089541
1089558
1089560
1089576
1089597
1089619
1089639
1089645
1089656
1089670
1089674
1089678
1089683
1089688
1089691
1089693
1089696
1089706
1089719
1089727
1089750
1089760
1089763
1089776
1089787
1089804
1089805
1089810
1089832
1089846
1089868
1089896
1089906
1089925
1089940
1089945
1089964
1089966
1089983
1090029
1090043
1090054
1090063
1090072
1090077
1090086
1090100
1090102
1090107
1090110
1090115
1090132
1090146
1090151
1090165
1090170
1090171
1090184
1090242
1090270
1090291
1090311
1090329
1090350
1090352
1090358
1090364
1090374
1090377
1090388
1090395
1090399
1090400
1090413
1090456
1090458
1090472
1090513
1090530
1090537
1090540
1090542
1090550
1090558
1090596
1090613
1090624
1090700
1090701
1090727
1090730
1090742
1090758
1090789
1090791
1090796
1090808
1090833
1090838
1090839
1090841
1090842
1090861
1090869
1090877
1090886
1090887
1090910
1090915
1090924
1090945
1090961
1090965
1090987
1091015
1091048
1091059
1091068
1091080
1091082
1091108
1091112
1091115
1091116
1091153
1091158
1091163
1091164
1091173
1091177
1091189
1091194
1091206
1091234
1091246
1091255
1091264
1091269
1091330
1091337
1091340
1091360
1091384
1091421
1091450
1091461
1091467
1091471
1091473
1091479
1091513
1091520
1091522
1091529
1091535
1091545
1091569
1091576
1091595
1091630
1091633
1091643
1091654
1091659
1091661
1091665
1091667
1091681
1091688
1091690
1091692
1091706
1091715
1091719
1091749
1091765
1091767
1091786
1091807
1091811
1091833
1091850
1091865
1091923
1091941
1091955
1091973
1091983
1092005
1092007
1092010
1092013
1092023
1092029
1092042
1092093
1092095
1092105
1092108
1092120
1092143
1092159
1092161
1092162
1092165
1092168
1092176
1092180
1092203
1092236
1092237
1092238
1092257
1092258
1092259
1092263
1092297
1092311
1092327
1092330
1092342
1092348
1092391
1092394
1092416
1092417
1092422
1092441
1092450
1092470
1092474
1092482
1092484
1092517
1092522
1092528
1092543
1092551
1092557
1092605
1092643
1092665
1092715
1092724
1092738
1092751
1092756
1092757
1092759
109276
1092791
1092792
1092796
1092822
1092832
1092858
1092863
1092865
1092870
1092910
1092911
1092919
1092930
1092942
1092952
1092972
1092978
1092984
1092996
1093006
1093031
1093038
1093042
1093064
1093082
1093094
1093096
1093104
1093107
1093112
1093128
1093142
1093172
1093179
1093181
1093196
1093200
1093202
1093231
1093235
1093238
1093255
1093256
1093305
1093312
1093322
1093349
1093359
1093399
1093405
1093406
1093407
1093410
1093419
1093438
1093443
1093444
1093462
1093481
1093487
1093491
1093507
1093534
1093540
1093552
1093556
1093561
1093564
1093570
1093621
1093637
1093650
1093682
1093698
1093717
1093723
1093732
1093750
1093757
1093773
1093781
1093786
1093791
1093795
1093845
1093855
1093866
1093875
1093881
1093901
1093915
1093920
1093926
1093927
1093941
1093959
1093962
1093966
1093971
1093998
1094027
1094039
1094056
1094062
1094081
1094085
1094110
1094141
1094145
1094175
1094191
1094197
1094204
1094215
1094220
1094232
1094241
1094249
1094271
1094275
1094316
1094361
1094364
1094369
1094370
1094389
1094394
1094395
1094406
1094440
1094451
1094453
1094460
1094469
1094477
1094501
1094509
1094519
1094536
1094566
1094575
1094578
1094579
1094605
1094612
1094634
1094689
1094691
1094693
1094699
1094724
1094727
1094731
1094755
1094759
1094825
1094840
1094863
1094869
1094943
1094959
1094962
1094982
1094991
1094996
1094999
1095012
1095055
1095058
1095059
1095066
1095085
1095092
1095108
1095121
1095126
1095155
1095165
1095233
1095238
1095278
1095306
1095308
1095332
1095335
1095354
1095357
1095360
1095371
1095377
1095437
1095469
1095478
1095490
1095495
1095523
1095537
1095542
1095555
1095557
1095558
1095560
1095566
1095571
1095631
1095633
1095641
1095650
1095654
1095687
1095699
1095704
1095705
1095711
1095716
1095723
1095725
1095747
1095749
1095787
1095798
1095806
1095807
1095816
1095845
1095856
1095857
1095864
1095868
1095874
1095876
1095881
1095899
1095921
1095922
1095928
1095942
1095952
1095955
1095966
1095971
1095982
1095988
1095994
1096006
1096021
1096025
1096044
1096045
1096049
1096065
1096087
1096118
1096126
1096180
1096207
1096211
1096227
1096252
1096256
1096257
1096258
1096262
1096268
1096311
1096347
1096357
1096360
1096368
1096371
1096375
1096376
1096401
1096425
1096429
1096431
1096454
1096457
1096463
109647
1096475
1096476
1096479
1096493
1096498
1096509
1096516
1096527
1096532
1096533
1096541
1096543
1096551
1096557
1096605
1096607
1096610
1096619
1096620
1096628
1096641
1096644
1096656
1096658
1096667
1096694
1096712
1096739
1096742
1096776
1096787
1096788
1096794
1096823
1096827
1096830
1096840
1096850
1096855
1096866
1096870
1096886
1096887
1096911
1096932
1096943
1096944
1096945
1096947
1096958
1096964
1096983
1096998
1097014
1097023
1097027
1097040
1097066
1097069
1097087
1097093
1097100
1097118
1097119
1097135
1097153
1097154
1097195
1097198
1097213
1097223
1097236
1097242
1097259
1097294
1097298
1097304
1097314
1097317
1097359
1097373
1097386
1097438
1097448
1097449
1097461
1097469
1097492
1097508
1097523
1097537
1097585
1097602
1097619
1097674
1097721
1097723
1097746
1097786
1097796
1097885
1097894
1097905
1097906
1097909
1097937
1097939
1097979
1097995
1097999
1098010
1098013
1098044
1098048
1098057
1098071
1098090
1098101
1098102
1098110
1098111
1098169
1098180
1098182
109819
1098222
1098226
1098236
1098249
1098276
1098284
1098322
1098338
1098354
1098355
109841
1098422
1098440
1098452
1098481
1098497
1098510
1098520
1098523
1098536
1098556
1098561
1098570
1098600
1098608
1098609
1098641
1098646
1098698
1098719
1098725
1098763
1098765
1098787
1098802
1098804
1098806
1098809
1098846
1098860
1098874
1098895
1098905
1098909
1098927
1098953
1098967
1099050
1099065
1099072
1099077
1099084
1099099
1099105
1099108
1099178
1099189
1099217
1099219
1099226
1099244
1099284
1099288
1099290
1099321
1099340
1099342
1099351
1099368
1099391
1099433
1099451
1099452
1099456
1099482
1099488
1099495
1099530
1099595
1099626
1099632
1099636
1099653
1099656
1099670
1099700
1099706
1099726
1099729
1099733
1099739
1099746
1099756
1099761
1099767
1099803
1099805
1099806
1099816
1099823
1099831
1099834
1099836
1099855
1099859
1099865
1099880
1099888
1099903
1099911
1099914
1099943
1099947
1099955
1099980
1099981
1099985
1099998
1100010
1100035
1100051
1100064
1100070
1100077
1100094
1100105
1100106
1100119
1100134
1100137
1100138
1100143
1100151
1100167
1100168
1100173
1100187
1100188
1100190
1100192
1100218
1100224
1100226
1100229
1100299
1100308
1100319
1100357
1100370
1100403
1100415
1100438
1100454
1100455
1100457
1100458
1100486
1100488
1100492
1100496
1100499
1100505
1100533
1100537
1100541
1100544
1100580
1100581
11006
1100634
1100639
1100640
1100661
1100687
1100724
1100732
1100765
1100772
1100783
1100816
1100839
1100852
1100855
1100875
1100919
1100930
1100933
1100937
1100980
1100986
1101018
1101044
1101048
1101055
1101088
1101090
1101110
1101121
1101131
1101171
1101172
1101173
1101211
1101214
1101228
1101236
1101259
1101271
1101276
1101278
1101279
1101282
1101296
1101298
1101300
1101303
1101336
1101341
1101347
1101365
1101374
1101394
1101434
1101443
1101448
1101466
1101467
1101503
1101531
1101535
1101552
1101566
1101567
1101568
1101576
1101603
1101661
1101665
1101668
1101670
1101674
1101698
1101706
1101714
1101721
1101723
1101739
1101761
1101784
1101806
1101822
1101845
1101861
1101868
1101869
1101870
1101871
1101902
1101906
1101961
1101977
1101995
1102001
1102028
1102088
1102099
1102121
1102163
1102177
1102206
1102235
1102240
1102262
1102300
1102325
1102330
1102335
1102351
1102390
1102393
1102400
11050
110614
11133
111377
111723
111995
112035
112318
112477
112718
113664
113732
113826
114037
114573
114633
114638
115365
115704
115833
115930
116431
116455
116517
116820
116939
117036
117113
117683
117728
117977
118365
118448
118457
118702
119089
11913
119168
119534
119683
119761
119975
121017
121023
1215
122440
122582
122639
122807
123529
123710
123859
123975
124128
124534
124787
125545
125627
125705
125842
125898
125996
126491
126525
126821
127098
127315
12741
127682
127876
127984
128113
128158
128166
128178
128200
128633
128772
1288
12903
129205
129228
129229
129491
129517
129565
129641
129684
129792
129837
130034
130825
130932
131597
131665
131768
131873
131925
132104
132151
132263
132317
132359
132473
132639
133037
13397
133977
134014
134239
134861
135079
135386
135464
135465
135516
135633
135635
136098
136157
136209
136700
137411
137440
137508
137889
137919
138127
138223
138266
138492
138629
138640
138793
139090
139239
139405
139767
139897
139929
140161
140216
140238
140367
140696
140804
140921
141185
141353
141472
14151
141694
142039
142153
142382
142411
142579
142782
142831
143025
143293
143424
143464
143849
144028
144254
144285
144491
144528
144682
144694
144857
145569
145821
145877
146212
146244
146269
146598
146812
147073
147090
147166
147337
147542
148016
148424
148564
148633
148761
148777
148851
149161
149221
149447
14947
14963
149670
149767
149790
149801
149853
150087
15039
15063
151011
151547
152519
152598
153027
153037
153048
153588
153739
153794
15382
153981
154301
154372
15441
154633
154785
155041
155056
155086
155119
155234
155700
156052
15607
156215
156251
156379
156566
156688
156723
156889
157149
157580
1576
158887
159078
159667
160255
160312
160339
160562
160671
160694
160735
160787
160808
160885
161117
161224
161418
161828
162351
162662
163038
163570
163602
163860
163912
164282
164528
164912
164946
165002
165007
165116
165135
165335
165480
16559
165807
166043
166111
166403
166468
166625
166680
166748
166784
167156
167204
167229
167371
167436
167566
167620
167994
168000
168069
168175
168238
16860
168787
169305
169390
169778
170581
170770
170788
170982
17110
171370
171527
171691
171776
171906
172062
172608
172787
172981
173001
173391
174249
174273
17430
174344
174592
175251
175625
17586
176015
176065
17635
176677
176701
176744
176994
177221
177238
178325
178468
17848
178612
178627
178741
178825
17884
178859
180592
180693
180887
180902
18101
181144
181222
181301
181394
181476
181531
182081
182393
183046
183201
183723
183874
183880
183988
184105
184235
184249
184436
184452
184621
184916
185009
185276
185299
185397
185879
186063
186265
186390
186446
186727
187186
18759
187818
188134
18840
188714
188908
189115
189174
189312
189355
189466
190078
190212
190307
190601
191536
191632
191792
191853
191971
192502
192579
192894
193422
193581
193742
193866
193968
194430
194531
19457
194724
194750
194870
195199
195440
19552
195582
195693
196111
196232
196250
196453
196596
196720
196949
196963
197024
197542
197945
197964
198246
198581
198807
199177
19940
199442
199572
199776
199837
2
200042
200062
200296
200600
201154
201366
201376
202006
202073
202081
202306
202797
202954
203003
203039
203274
203317
203390
203458
20356
203646
203688
20432
204924
205086
205107
20520
205251
205741
205809
20597
206117
206549
20671
206762
206806
206819
207251
207595
208145
208198
208265
208339
208411
208494
208610
208822
209651
209730
209764
210442
210690
211468
211621
211691
21185
212195
212236
212251
212303
212435
212477
212634
212796
212977
214040
214771
215603
21603
217246
21741
21765
21793
218000
21861
21948
220087
220151
220495
220761
221664
222158
22231
222954
223165
223468
2235
224314
224548
224626
22479
225499
225752
226132
226335
226461
226509
22670
227317
227591
227637
227968
227992
228474
228738
22882
229325
230082
230179
230725
230891
231109
231292
231298
231482
231717
231877
23223
232703
23285
233904
234114
234165
234388
234644
234651
234821
234998
235027
235089
235534
235832
236362
236427
236580
236582
236708
236801
236949
237370
237373
237561
237936
237945
238886
239189
239511
239516
239648
239830
240489
240504
240584
24115
241246
241405
242019
242061
242103
242107
242219
242713
242863
243139
243244
243416
243712
243761
244011
244092
24441
244808
244821
244902
244929
245120
245416
245921
246626
247194
247717
24807
248086
248385
249118
249176
249321
249618
24979
249792
249802
249821
249866
250228
25025
25036
250367
250636
251172
251445
252295
252632
25294
25344
253678
253965
253966
254652
255027
25534
255469
255633
25603
256052
256192
256783
257018
257309
257335
257772
257885
258337
258485
259128
259239
259417
259763
259781
259885
260172
260762
26079
260853
261098
261521
261650
261652
261683
26207
262232
262280
262974
26334
263670
263889
264150
264284
264410
264594
264827
26485
265729
265960
26664
266760
266920
267012
267187
267341
267566
267644
26847
270140
270422
270520
270521
270603
270642
271038
272047
272075
272500
272605
272815
273014
273449
273481
273522
274067
274175
274981
275049
275137
275355
275528
275534
275629
275997
27618
276208
276298
276329
276338
276348
276979
27743
277459
277556
277623
277632
277701
277737
277785
277799
277977
278074
278429
278542
278606
278658
278863
279229
27932
279718
2798
279987
280223
280796
280825
280927
281002
281270
281702
281704
281930
28216
282214
282397
282411
282530
283141
283154
283344
28352
283548
284072
284313
28442
284565
285158
285375
285537
285656
285729
286160
286915
287912
288139
288200
288702
288884
289276
289556
289586
289812
290091
290488
290499
290585
290632
290779
290830
29089
29097
291248
291396
291516
29169
292021
292094
292225
292676
292813
293401
293421
293992
29416
294518
295135
295406
29612
2962
296441
296993
297019
297672
298113
298444
298550
298565
298940
299023
299094
299110
29921
299350
299732
299939
300246
300306
300312
30039
300674
300933
301061
301777
30188
302337
302435
302878
303045
303777
303790
303934
305333
305361
305650
306105
306806
307005
307008
307118
307492
307504
307521
308032
30860
308687
309402
30956
309745
310853
310948
311067
311540
31222
312368
313262
313438
313940
314307
31432
314907
315131
315291
315884
31595
316803
318073
319564
319652
320025
320051
320117
320320
320792
320970
321239
321363
32176
321918
321951
322211
322345
323096
323154
323382
323535
323555
323592
323798
323815
323998
324159
324645
325292
325929
326190
326410
326417
32642
326509
326629
326637
326719
327640
327750
328072
328474
328527
328611
328629
328704
328814
329114
329369
329515
329901
329958
330419
330450
330560
330640
330792
331141
331352
332600
332797
333327
333434
333486
333579
333700
334433
334558
334754
334867
334904
334916
335710
335711
335910
336648
337073
337190
337209
337509
337864
338040
338637
338696
338713
338917
339009
339501
339888
339934
339981
340006
34015
34039
340712
341039
341317
341736
342115
342156
342285
342450
343976
344400
344955
345350
345453
347491
348136
348242
348594
348869
348994
351820
352236
352818
353623
354222
354515
355458
355484
356916
357162
357340
357519
357664
358150
358240
358455
359040
359499
35996
36025
36133
361594
361620
362016
362076
36214
362845
363332
363637
36388
36473
365044
36703
367290
368229
368728
36965
369981
370068
370316
370734
370979
371204
371420
371695
372070
372137
372378
372586
372674
372792
373121
373209
374690
374799
375291
375891
376537
37685
377805
379337
37952
380755
38098
381321
382119
384406
384845
384985
385652
38608
386653
387603
387662
387848
387864
388465
388588
388950
389258
389385
38946
390484
390813
391101
391125
391481
391662
392195
392350
392393
392488
392501
392905
392936
393203
393268
393420
393462
39360
393696
393881
393954
394021
394095
395038
395382
395538
39577
395786
396391
397090
397417
397592
398258
398335
398447
39908
399364
399414
399527
399617
399970
400311
40056
400631
400692
400696
400803
401287
401640
401878
402075
402318
402417
402427
403095
403361
40337
403388
403454
403793
403954
404051
404202
404713
405036
405090
405238
405310
405330
405660
405737
405867
405985
406140
406181
406205
406351
406386
406525
406576
406718
406923
406974
407102
407131
407274
407662
407869
408134
408149
408275
408419
408427
408563
408696
408739
408765
408945
409071
409143
409207
409557
409694
409854
409887
411660
411953
412319
412340
412352
412532
412597
412982
413040
413079
413404
413858
413905
414155
414276
414714
414733
414757
414799
415165
415474
415500
415815
415962
416228
416457
416846
417040
417080
417362
417404
417570
417664
417902
417946
418032
418063
418165
418195
418353
418423
418552
418633
418752
418926
418977
419326
419333
41969
419692
420304
420365
420400
420673
420867
420934
420980
421145
421437
421813
422152
422268
422398
422501
422600
422609
422624
422827
422893
422955
423178
423608
42361
423646
423878
424045
424092
424408
424449
424509
424753
424898
425072
425330
425375
425505
42555
42568
425688
426214
426347
426442
426504
426622
427086
427323
427340
427532
427730
428113
428424
428773
428819
428847
428941
429664
429675
430142
430229
430985
430989
431481
431602
432161
432602
432653
432680
432811
432874
433220
433415
433549
433579
433680
433685
433691
434369
434462
434835
435412
435541
435794
436091
436100
436249
436475
43649
436586
436602
436844
436847
436924
437165
437291
437324
437671
437752
43781
437914
438058
438286
438316
438324
438455
439061
439176
439375
439731
440098
440269
440362
44072
440802
441128
441409
441734
442377
442455
442491
442525
442593
442673
443027
443081
443489
444350
444790
445094
445494
445573
445714
445908
446834
44686
447169
447340
447540
447551
447648
447797
448035
448123
448183
448630
448745
448975
448976
449235
449244
449442
449750
450093
450681
450788
450851
450854
450921
451070
45125
451406
451484
451609
452200
452572
453175
453220
453270
453451
453705
453851
453856
453869
454018
454258
454872
455273
455456
455659
455743
455776
455782
455793
455853
455862
45590
456016
456305
456443
456551
456734
45757
457622
457714
457809
457842
458064
458110
458235
458771
458774
458885
45924
459280
459291
459481
459707
459948
460162
46040
460403
46081
46095
461078
461281
461491
461601
462301
462765
462979
463133
463230
463373
463443
463635
464440
464484
464663
464860
46579
466162
466202
466252
466335
466640
466738
466774
46711
467274
467597
467612
467683
468762
468907
469535
4696
469819
469873
470001
470385
470459
470611
470982
471007
471197
471705
471850
471983
472024
472359
472448
47270
473319
473361
473394
473492
473886
473935
47419
474234
474419
474659
474873
47513
475402
47588
476483
476724
47674
476807
476947
476977
477100
47716
477286
477309
477380
47741
477639
477648
478054
478063
478220
478295
478359
47864
478691
478827
478981
479284
479379
479525
479570
480064
480504
480536
480932
481297
481341
481387
481961
482412
482496
482666
482808
483028
483178
483241
483521
483795
48417
484454
484551
485287
485558
486274
486370
486512
486623
487279
487569
488021
488198
488345
488416
488676
488711
488825
489257
489374
489513
489858
489931
48998
490505
490802
490883
490903
491585
49234
492681
492853
492988
493508
493543
494086
494346
49435
4947
494730
495018
495082
495483
495680
496175
496244
496276
496717
497107
497132
497360
497470
497536
497596
497757
49802
498398
498478
499068
499126
499413
49943
499568
499818
499904
503381
503390
503401
503580
503607
503674
503833
504044
504306
504335
50498
505107
505152
505171
505541
505810
506025
506181
506438
506579
506985
507086
507087
507221
507381
507434
507901
507934
508104
508316
50833
508855
50891
509111
509114
509730
509907
510018
510152
510158
510229
510444
510513
51054
510858
510867
510893
51090
511101
511330
511367
511417
511837
511861
512087
512278
512405
512564
512685
51276
512807
512825
513061
513397
513779
514767
514851
515185
515317
515335
515573
515813
516029
516413
517085
517117
517245
517386
517516
518675
518940
519145
520184
520627
520636
520816
521018
521402
521801
521851
522076
522151
522953
523062
523413
523621
523952
524116
524166
524332
524447
524699
524722
524733
524835
524848
525047
525467
525534
525660
525779
525868
526013
526331
526671
526984
527568
527625
527769
527853
528117
528760
528841
529090
529230
529918
530572
530601
530602
530611
53109
531142
531490
531676
53191
532142
533105
533398
534305
534617
534941
535142
535421
535599
535627
535743
536480
536654
536791
536995
537301
537410
537505
537526
537706
537761
537825
537995
53813
53814
538309
538333
538340
538570
53897
539278
539601
539648
53991
539957
540109
540306
54040
540432
540456
540906
540983
541135
541272
541274
541425
541557
541948
541969
54199
54235
542431
542806
54307
543251
543644
543813
543849
543951
544060
544123
544260
544277
544308
544319
544745
544811
544974
545052
54531
545359
54544
545450
545575
545847
546459
54648
546825
546956
547018
547089
547139
547301
547820
548036
548099
54819
548254
54843
548475
548673
549135
549219
549235
549342
549731
549738
550331
550565
550609
551119
551309
551413
551819
551860
55223
552868
554511
554738
555179
555458
555558
555590
555750
555850
556144
556166
556217
556248
556307
556476
556489
556587
55682
55691
556952
556976
557157
557401
557417
557492
558046
558263
558448
55848
558548
559009
559018
559198
559318
559507
559607
559709
559771
559959
560059
560245
56033
560357
560419
560673
561448
56188
562594
562821
562827
563119
56323
563347
563359
563652
563771
563943
563995
564509
564668
564707
565231
565696
565856
565868
565915
566174
566335
566946
567159
56740
567443
567452
567630
567714
567759
567895
568526
568585
568649
568703
568709
568841
568895
569473
569507
569555
569674
569689
56993
569939
570023
570068
570070
570725
570905
570979
571103
571237
571474
571696
571954
572286
572517
57258
57270
572978
573157
573452
573899
573954
574002
57402
574051
57411
574317
574547
574569
574730
574944
575096
575146
575268
575407
575492
575616
57614
576195
576312
576360
576452
576601
576822
576851
577131
577167
577511
577813
577930
578100
578362
578607
578735
578783
57882
579133
579479
580313
580411
580450
580483
58074
58130
581521
581552
581666
581801
581975
582146
58234
582557
582641
582705
582848
583234
583325
583369
583611
583686
583766
583798
583916
58409
584500
584569
584592
584695
584727
584905
585165
585344
585378
58551
585680
58571
585743
585806
58583
586268
586740
586785
586790
586916
587326
587524
587674
587853
58801
588122
588627
588775
588829
588888
589423
589564
589586
589777
589903
59030
590433
59084
590861
590945
591026
591310
591898
59190
591940
591993
59204
59217
592192
592220
592235
592495
5925
592601
592672
593135
593275
593541
593732
593792
59392
594105
59426
594295
594793
594831
594930
595236
595568
595577
596088
596130
596282
596468
59654
596716
597384
597395
597870
598802
599524
599550
599720
600231
600350
601128
601624
601629
601684
602352
602413
602652
602957
603031
603050
60339
60357
603773
604113
604153
604229
604619
604628
604673
604954
605169
605363
605467
605648
605651
606117
60677
606944
607292
607338
607374
607599
607855
608197
608323
608557
609024
609104
609469
609628
609799
609956
610056
610128
610132
610190
610425
610716
610898
610940
611152
611199
611271
611366
611468
611747
61180
612471
612670
61277
612846
613179
613214
613233
613318
613694
613727
613755
613852
613870
614047
614069
614121
614186
614286
614409
61452
614598
615219
61531
615383
615457
615624
616045
61623
616331
616415
616447
617167
617246
617611
617795
617968
618223
61836
618408
618486
618818
61882
618979
619087
619159
619675
619805
62055
620992
62136
621419
6217
622100
622658
622725
622734
622893
623281
623857
62411
624143
624176
624199
62439
624503
624644
624790
624876
625022
625205
625458
62554
625782
626005
626232
626318
626462
62648
626701
626918
627085
627323
627513
628056
628085
628532
630318
630391
630905
63152
631724
632055
632106
632192
632394
632455
632536
632625
632726
632825
632923
633153
633350
633375
633399
633617
633635
633916
633986
633994
634038
634113
634126
634174
634412
634489
634583
635044
635058
635079
635125
635150
635237
63548
635497
635626
635647
635823
636188
636434
636437
636853
636929
636949
637208
637234
637254
637459
637576
638503
638723
638795
638849
638928
639084
639163
639412
639545
639560
640103
640232
641156
641284
641293
641583
641618
64179
642032
642352
643359
643561
643572
644023
644658
644746
645024
645252
64528
645343
645472
645604
645892
646071
646179
646354
646623
64711
647260
647503
647687
647872
647876
647949
648049
648119
648877
649110
649200
649294
649451
64960
649640
649763
649893
65000
650076
650378
65038
650462
651187
652556
65267
652912
652961
653041
653054
653092
653187
654459
654633
65488
655046
655057
65583
65584
656250
65627
656345
656371
656376
656602
656859
657091
657204
657264
65770
657974
658372
658498
658667
659182
659230
659247
65957
659929
660046
660220
660479
660534
660672
660803
660957
660999
661028
661076
661398
66154
66161
661945
662016
662282
662334
662436
662524
66281
663006
663131
663388
663679
663771
663820
66389
663890
663950
664138
664194
665009
665231
665972
666694
666792
66707
667136
667373
667535
66771
667932
669046
66908
669288
669427
669444
669800
669979
670022
670142
670437
670476
670600
670829
671219
671579
671692
67200
672109
672352
672429
672433
672753
673143
673984
674595
674702
674914
675320
675719
676275
676454
677212
677460
677519
677672
677936
67802
678176
678913
6791
679167
679360
679390
679658
679878
680102
680250
680324
680373
680490
680514
68095
680951
681264
681514
681791
681944
682025
682105
682190
682205
682365
682425
682626
682910
683045
683193
684459
684780
684977
685091
685177
685591
685717
686260
686290
686469
686541
686739
686746
687245
687375
687615
687632
688218
68832
688644
688711
688739
689223
689700
689851
689885
690010
690508
690565
690606
690705
690801
690956
691004
691055
691141
691507
691709
692494
692577
692955
693101
693152
693162
693297
693447
693469
693636
693642
693736
694063
694560
694561
694678
694726
694845
69506
695238
695240
695993
696217
696242
696312
696404
696677
696738
696918
697780
69789
697972
697983
698445
69871
698719
698828
699243
699510
699837
699872
699873
700224
700618
700641
700835
700871
701335
701345
701390
701663
702790
702792
702855
703211
703268
703270
703383
70340
703765
704072
704080
704223
704236
704398
70504
705279
705681
705687
70595
706167
706215
706342
706950
70709
70720
707513
707670
707721
707835
70787
708038
708438
708517
70852
708739
708781
708904
709342
709559
709560
709802
709936
710297
710755
710914
711682
711710
711759
711803
711811
711840
71238
712545
712832
712944
713134
713360
713448
714636
714672
714678
714709
715189
715508
715588
716641
717563
717751
717763
717845
718112
718444
718782
719411
719488
719749
720013
720261
721409
721885
722352
722413
722515
722615
722981
723144
723781
72398
724121
724275
72435
724410
724571
724579
724680
724733
72485
724872
724887
724947
725047
725867
725951
726076
726098
72613
726614
727224
727551
727699
727707
727765
727779
727837
728060
72809
728110
728150
728460
728823
728836
729173
729508
729672
729697
730229
730278
730626
73094
73106
73119
731545
731723
731736
731759
731886
731902
732288
732448
73257
732618
732631
733186
733422
733510
733591
733692
733892
734198
734426
734979
735343
735384
735387
735895
736125
736347
736713
737512
73788
737940
738162
738165
738422
738484
738525
73853
738931
739599
739671
739743
739913
740263
740416
740624
740762
740852
740876
741267
741274
741392
741970
741977
742022
742446
742667
742822
742988
743046
74328
74356
743668
743675
743693
743696
743708
743868
744092
744109
744261
744764
744891
745402
745469
745559
745746
745794
745830
745944
746055
746065
74637
746438
746785
747345
74759
747720
747937
747985
748054
748321
748672
748771
748935
748997
749244
749267
749399
749752
749955
750111
750421
750487
750821
750946
751778
751797
752473
75266
752700
753040
753071
753168
753214
753299
75335
75342
753479
753480
753517
754113
754166
754191
754509
754786
755040
755093
755275
755459
755465
755878
755907
75608
756949
75698
75717
757275
757511
757644
75801
758074
758519
758720
758901
758909
759021
759038
759062
759503
759515
760070
760367
760512
760638
760817
760908
760930
761032
761096
761388
761425
761627
761963
762059
762111
762296
762455
762558
762652
762761
76283
763084
763619
763878
764139
764691
765147
765512
765583
766202
766238
766272
766301
766769
766804
766808
767248
767671
76770
767745
768133
768411
769085
769630
770167
770233
77034
770604
770894
771170
771239
771314
771694
771734
772055
772129
772864
772928
773155
77323
773858
77391
773924
773998
774087
77424
774866
77491
775138
775297
775343
775355
775457
776080
776122
776392
776465
776517
776576
776609
776700
777235
777297
777519
777792
778095
778139
77878
778857
778890
778948
779475
779553
779674
780215
780297
780336
780613
78076
780850
780993
781074
781877
782079
782253
782381
782417
782426
782549
782696
783098
783277
783433
783602
783687
783781
783822
783843
783963
783981
78418
784549
784700
784805
784961
785176
785721
785772
786009
786021
786157
786375
786477
786520
786674
786786
786857
786918
786937
787255
78730
787784
788035
788431
788484
788702
788851
789037
789292
789332
789439
789997
790059
790110
790178
790536
791140
791223
791629
791862
791916
792187
792463
792595
792688
792742
792789
792847
792900
792977
793475
794160
794319
794469
794625
794665
794893
795540
795951
795991
796056
796383
7968
796812
79698
79763
798253
798284
798469
798883
79891
798945
798967
800243
800318
800652
800792
800987
801059
801478
801907
802372
802634
802794
803237
803306
803599
803861
804103
804197
804523
804687
804905
804996
80590
805900
806574
806688
80712
807585
807845
807880
808019
808200
808235
808362
808528
808716
808746
80876
809556
809798
809909
809933
810210
810242
810270
810324
810394
810660
810680
81075
811266
81137
811852
812190
812387
812734
813193
813536
813605
813675
813899
813953
814282
814568
814699
814964
814987
815015
815243
815320
815420
815421
815580
815618
815891
816289
816483
81649
816893
817309
817349
817597
818421
818612
818798
818819
818842
81945
819618
81993
820027
820161
820267
820899
820973
82100
821068
821372
82161
822218
822585
822642
822649
822859
82293
822937
823203
823421
823549
823596
82379
824000
824080
824282
824371
824542
824920
824938
825147
825583
825948
825954
826153
826513
826518
827791
827801
828036
828093
82842
828588
828596
828779
829025
829050
829087
829103
829425
82949
830040
830531
830551
830649
830812
830973
831030
831052
831302
831315
831380
831474
831560
831601
831784
831815
831871
831962
832188
832508
832790
833268
833507
833579
83448
83458
834848
83506
835206
835478
836044
83621
836640
836832
837181
837202
837372
837375
837467
837476
837681
837740
838101
838116
838453
838845
839128
839137
839488
839528
839878
840053
840061
840445
840532
841020
84106
841165
841521
841665
841919
841961
841980
842070
842108
842221
842223
842272
842333
842596
843140
843409
844128
844211
844390
844594
844658
84473
84520
845304
845529
845719
845790
845888
845892
846082
846291
846438
846513
846806
847415
847722
847726
84778
848100
848432
848478
849142
849245
849337
849561
849596
85018
850236
850361
850450
85053
850555
850557
850820
850919
85095
850957
851004
851425
851490
851813
852037
852179
853057
853344
853471
853646
853699
853882
853995
854085
854785
854862
855029
855031
855050
855546
855725
855727
855968
856171
856568
857943
857956
858391
858421
85904
859229
859274
859376
85954
859669
859870
860071
860078
860266
860462
860542
860573
860655
86094
860942
861169
861403
861433
86203
862345
862448
86264
862640
862701
862742
862856
863112
863187
863387
863499
863623
863738
863817
864507
864905
865384
865426
865476
865518
865616
865660
865971
866101
866139
86624
866251
866428
86701
867490
867947
868184
868410
868487
868525
868598
868919
868953
869035
869308
869348
869519
869759
869827
869891
8701
87019
870348
870422
870544
870693
870861
870875
871376
8714
872081
872347
872632
872655
872777
872823
872855
872869
872946
873250
873886
873914
874299
874455
874691
874827
874876
874914
875417
875787
875796
875986
876924
87701
877161
877453
877810
877845
877938
878367
878615
878817
878840
87892
878959
879150
879155
87926
879657
879747
8798
879869
880527
880766
881582
88160
881695
881723
882002
882141
88284
882982
883282
88375
883861
884533
884722
884870
884878
885081
885153
885184
885301
885308
8854
885433
885505
88577
885932
885986
886332
886382
887392
887395
887398
887906
888100
88831
888559
888777
888796
888911
888934
888988
889046
889104
889289
890532
890890
891082
89143
891498
891565
891719
892224
892329
892454
893271
893275
893642
893681
893789
894161
89418
894610
895263
895932
89610
896383
896479
896931
897240
897401
897476
89777
897789
89786
897910
897953
897981
898318
898631
898686
898714
899212
899423
899800
899869
900062
900076
900077
900164
900450
900599
900696
900731
900924
901206
901355
90169
90209
902657
902855
902919
902931
903097
903235
903479
903811
904007
904295
904389
904542
904727
905057
905479
905604
905707
905766
906126
906692
906901
907046
907127
907173
907334
907538
907997
908069
908154
908237
9083
908316
908489
909048
909111
909176
909221
909273
90941
909506
909547
909886
910150
910375
910622
910777
910818
910870
911032
911056
911605
912234
912879
912898
912899
912961
912992
913098
913137
913286
913374
91345
913509
913568
913579
91422
914321
914368
914406
914545
914637
914707
914771
914845
915305
915544
915762
915769
916186
916306
916901
917015
917022
91711
91722
917283
917334
917489
917536
917789
917825
91790
918324
918424
918800
91881
919310
919712
919913
920218
920458
920717
920753
920885
921173
921348
921621
921812
922024
922335
922389
922398
922593
92260
924047
92437
924398
924567
924844
924895
924978
925059
92509
92542
925571
925766
925951
926019
926064
926436
926700
926980
927196
927553
927989
928478
928567
928572
928753
929046
929372
929473
930124
930293
930326
930483
930534
930549
930621
930721
931147
931726
931772
931905
931940
932223
93234
932495
932639
932735
932878
93308
93311
933132
933236
933551
933652
933742
933861
933946
934134
934223
934235
934795
934889
934964
935358
935362
935364
935707
935952
935973
936182
936273
93649
936501
937427
937578
937947
938066
938140
93823
938359
938773
938963
939020
939104
939473
939744
939866
940386
940916
940940
941219
941515
941749
941865
942221
942354
942651
942915
943170
943190
944181
944194
944231
944245
944451
944700
944949
9454
945535
946428
946631
946747
946825
947466
947678
947785
94782
947974
94798
948351
948397
948452
948532
94865
948653
948797
948829
94953
949686
950139
950355
950799
951820
952047
952378
952388
952445
952452
952520
952658
95286
952926
953020
953274
953332
953351
953355
953445
95409
954144
954307
954455
954711
955093
955117
955220
955359
955911
956060
956403
95651
956624
956993
957607
957688
958142
958311
958993
959034
959083
959228
959589
959854
960003
960265
960302
960397
960437
960566
961048
961097
961255
961579
961705
961921
961950
962443
96250
962731
96310
963564
963788
96379
964054
964152
96420
964577
965578
96602
967106
96749
968004
968071
968206
968310
968560
968608
968921
969023
969066
969264
969750
969974
970152
970242
970605
970824
970830
971213
971233
971378
971633
971653
971729
971904
972064
972699
97295
973362
973731
973917
974201
974220
974670
974808
975040
975495
975688
975775
975997
97612
97652
976829
976941
977467
97766
977770
977952
978057
978259
978605
978802
97895
979054
979133
97964
979713
97972
979787
980168
980633
980726
980789
980811
981006
981400
98151
982348
982481
983299
983438
983451
983499
983543
983708
984075
984178
984434
984499
984770
984774
984856
984930
984948
984992
985158
985165
985167
985173
985207
985259
985275
985304
985360
985371
985372
985431
985433
985461
985644
985653
985736
985752
985905
986068
986162
986197
986210
986316
986325
986411
986427
986472
986484
986494
986733
986791
986793
98682
986852
986932
986935
986936
986972
987066
987100
987183
987192
987230
987237
987309
987486
987502
987567
987573
987644
987657
987660
987671
987720
987791
987809
987822
987823
987845
987914
987978
988119
988121
988122
988124
988142
988149
988169
98817
988211
988253
988269
988294
988306
988412
988416
98847
988504
988512
988540
988636
988653
988710
988742
988743
988745
988754
988787
988911
988915
988954
988960
988988
989042
989099
989108
989213
989296
989396
989530
989543
989573
989644
989647
989676
989831
989855
989866
989870
989894
989912
989963
989994
990010
990026
990093
990176
990197
990223
990307
990345
990375
990414
990459
990481
990526
990649
990763
990784
990841
990852
990938
990995
991032
991044
991064
991079
991111
991138
991171
991207
991210
991240
991241
991324
991342
991364
991383
991419
991471
991590
991598
991662
991685
991748
991761
991762
991782
99183
991832
991854
991894
991938
992120
992132
992184
992191
992193
992224
992257
992340
992363
992365
992367
992383
992407
992433
992531
992535
992559
9926
992605
992618
992652
992659
992660
99267
992677
992729
992757
992802
992839
992840
992869
992946
992949
992950
993041
993107
993153
993174
993178
993234
993255
993320
993353
993419
993492
993501
993544
993606
993627
993651
993748
993795
993821
993834
993876
993883
993987
993996
994005
994012
994070
994085
994087
994112
994133
994228
994311
994338
994397
994449
994478
994479
994533
994582
99461
994688
994792
994830
994867
994918
994941
994947
995029
995125
995141
995176
995212
995221
995280
995380
995443
995526
99556
995576
995595
995598
995654
995756
995787
995789
995805
995806
995825
996011
996042
996054
996119
996181
996272
996301
996317
996328
996414
996623
996634
996653
99676
996805
996825
996835
996922
997017
997044
997086
997122
997227
997351
997449
997481
997533
997542
997648
997649
997713
997744
997808
997860
997872
997878
997913
997932
997935
998013
99805
998062
998093
998101
998174
998192
998223
998246
998247
998248
998309
998381
998417
998482
998485
998493
998569
998591
998609
998641
998646
998658
998675
998680
998681
998735
998802
998834
998891
998903
998905
998941
998965
999028
999086
999089
999110
999192
999261
999356
999385
999391
999416
999439
999469
999481
999517
999518
999550
999552
999555
999567
999610
999637
999641
999685
999691
999756
999791
999836
999897
999921
999942
